"d","id"
0.619141844445926,4.52045090252415
0.757598419092008,3.73855164420056
0.849075291148975,3.86943751733047
0.917164009430689,3.76751446158459
0.971419655388975,3.86146935995561
1.01737012049257,3.85400316725619
1.05758109470402,3.8726600901969
1.09473318025401,3.9025865683477
1.12870294527136,3.89778241364895
1.16022916529044,3.85096743820201
1.19129296144352,3.77636800721723
1.21894096477482,3.7555099303054
1.24565714686785,3.70422548651744
1.27083334110623,3.6818850347564
1.29486955378959,3.64445475013132
1.31711551258394,3.62355123356559
1.33883739466655,3.60992019530569
1.35937231475005,3.57667358430727
1.3811451313081,3.54284122027267
1.40076033208741,3.51913785302696
1.41992716231298,3.51594807085706
1.43846489360002,3.48664016380471
1.45745866496191,3.45267914759776
1.47632465407172,3.39443873949091
1.49468480903302,3.35179280063732
1.51307361142077,3.31018927353356
1.53057156265528,3.27212478629562
1.54858252476111,3.22936122419045
1.56695546222536,3.17677618571309
1.58536475741274,3.12196398663382
1.60347099987388,3.07167000379337
1.62197158919537,3.01630988640185
1.63987812618071,2.96676854543409
1.65858976587123,2.90758479947332
1.67742966645858,2.85309056234107
1.69652621793579,2.7959505921796
1.71543086255612,2.75201269547246
1.73484537535968,2.71146309020041
1.75330559999842,2.67363455742274
1.77137237345826,2.63580236960855
1.78872820821037,2.60181122034924
1.80732705801658,2.5688180625499
1.8242565906223,2.54301849571358
1.83974207821096,2.53016042068805
1.85426825064553,2.51986435076622
1.86761606799772,2.51587528622704
1.88233932102471,2.50906824971345
1.89664880129391,2.50417277364974
1.9096043139117,2.50371795835569
1.92289477754888,2.50141995915927
1.93581355400764,2.49811148988632
1.94984231411364,2.49521409307753
1.96224664514962,2.48847180070215
1.97508478375794,2.4940165366053
1.98806161581584,2.49359848611074
2.00044143885924,2.49288866008747
2.01198066762579,2.4992262542202
2.02364929480704,2.50737749177088
2.03506696099591,2.51805920622216
2.04701780697952,2.52261476178937
2.05873113163957,2.52400567478922
2.06997675322366,2.53604922274485
2.08144369176793,2.54159928359351
2.09261608890767,2.55471037387678
2.10403707345215,2.56368153780321
2.11534559964993,2.57083100844275
2.12623612830689,2.58502011352999
2.13759806805208,2.59249759693014
2.14863331026422,2.60508323213189
2.15961718634863,2.61819968749106
2.17015992082089,2.63457913384673
2.18072699023305,2.65130916274275
2.19151855166516,2.66368940454572
2.20235761327322,2.67667322109869
2.21259215554073,2.69320223928749
2.22291437324282,2.71097565190055
2.2328212471409,2.7288456537938
2.24282557564864,2.73880247029632
2.25278207823625,2.75325534026607
2.26264073382081,2.762750368335
2.27286455465919,2.77655066082864
2.2825499214907,2.78129121731503
2.2924412488505,2.79274861017656
2.30218856014263,2.80967404398092
2.31198025565825,2.81710708471894
2.32154545761095,2.82596325039823
2.33106039776662,2.82952164525984
2.34067633554988,2.83099422125976
2.35006978175784,2.83359708847045
2.3598030873769,2.83062692471549
2.36914356539757,2.82926575850345
2.37881098986893,2.82239219734183
2.38829590599017,2.82654121090545
2.39793611717001,2.82241505078179
2.40681709096541,2.82201064716298
2.41609038122383,2.8226092859399
2.42523128088684,2.81773661084372
2.43411596480399,2.81623634029032
2.44308640123823,2.81308261182485
2.45213688598977,2.81201395089155
2.46138666061166,2.80767415816049
2.4707174238379,2.80324477424589
2.47966294859301,2.80520662077627
2.48893707663704,2.80228835412898
2.49754991635072,2.79901847696872
2.50660198603865,2.79481729607923
2.51534959477204,2.79506296065787
2.52430633173005,2.78983116871417
2.53355155911052,2.7854696590589
2.54245036443718,2.78337553414741
2.55127369568008,2.7823514558193
2.56027987321964,2.77537393518121
2.56922521360864,2.76850594737586
2.57816476035751,2.76242138180422
2.58705291093463,2.75624668948173
2.59599939347795,2.75093019028695
2.60500196848639,2.74431028470359
2.61426768783005,2.73579960906525
2.62299051779971,2.73293454746313
2.63210782465768,2.72634075356527
2.64085704530361,2.7224551946869
2.64955642473514,2.71736660112321
2.65834205338684,2.71039060807604
2.66687818969069,2.70552031723322
2.67587589063372,2.69889074309552
2.68462710347294,2.69410777827525
2.6932475837893,2.6896298372151
2.70225548599261,2.68218262940478
2.71080258133911,2.67826574736994
2.71957054826229,2.67238742353442
2.72836941263168,2.66674460765043
2.73715061021086,2.66117859514718
2.74614193758018,2.65495521524754
2.75457940670202,2.6487985115735
2.76299725523692,2.64402176766634
2.77147599003793,2.64150280658635
2.77970967758858,2.63884016472111
2.78805279847942,2.63370226093496
2.79642571603097,2.6293654769747
2.80454926344931,2.62566703533694
2.81327149077115,2.61972132221704
2.82154203202864,2.6145107234785
2.82993374037382,2.60995447129231
2.83874362562957,2.60238907090893
2.84681722176382,2.59863356343796
2.85535808390953,2.59344137635713
2.86367604958374,2.58946340869083
2.87242934867671,2.58350862721448
2.88101839212956,2.57753907648474
2.88964082789598,2.57070116829939
2.89839649547996,2.56445892212958
2.9068824244514,2.55791819217288
2.9156144369864,2.55106841090333
2.9240345246417,2.54459864161409
2.9323975298419,2.53914441871583
2.94086713487296,2.53258595543357
2.94940234379256,2.52652507656951
2.95782254221396,2.52056421795882
2.96684015932545,2.51261655509857
2.97496366577776,2.50771833073082
2.98368499228677,2.50100967973342
2.9925806538153,2.49517332045261
3.00147257328812,2.48681534268805
3.0105405424022,2.47999862215734
3.0193249524283,2.47344949691737
3.02760033675032,2.46845776407581
3.03647940576366,2.46103747763331
3.04476633855032,2.45577872772033
3.05346554046583,2.44971484283223
3.06177481222938,2.44468092682852
3.07091976253601,2.43641200289559
3.07929676047289,2.43104798010485
3.08783798405939,2.42513031628221
3.09649049919424,2.41826931335527
3.10519303873228,2.41100993454901
3.11340156625873,2.40664811355757
3.12171125201875,2.40099930955768
3.12993930999984,2.39542075881975
3.13841101223407,2.38974978176867
3.1467321752577,2.38481934982352
3.15544124314304,2.37779438364106
3.16383336115465,2.37261818806304
3.17219986783893,2.36750538092248
3.18075438035801,2.36207009107503
3.18952526352471,2.35609513300874
3.19803043724583,2.34976345749162
3.20618258143166,2.34498876761544
3.21499538440917,2.33946788426267
3.22373335500672,2.33316092091272
3.23296056490872,2.32437780688371
3.24191196261551,2.31804920915754
3.25049155141916,2.31196318437359
3.25928393125362,2.30498395429969
3.26842217031317,2.29823982373567
3.27735171583587,2.29082846880595
3.28655581341769,2.28351452084427
3.29559829359571,2.27634558498825
3.30518116655664,2.26813031159911
3.31384970349702,2.26239752485346
3.32323056494723,2.25460713638786
3.33239107146264,2.24822139838131
3.34226152616681,2.23992618502992
3.35189555841613,2.23325586852885
3.36186720338484,2.22407382560353
3.371534769824,2.21588480744814
3.38108253575095,2.20827379101131
3.39118746255988,2.20052103688286
3.40095379604616,2.19296031774096
3.41142486876408,2.18260617294676
3.42204967885764,2.17321992841545
3.43259148190503,2.16382857818128
3.44297591340785,2.15565447491617
3.45370682851627,2.14626009404751
3.46416883689445,2.13727236668751
3.47478991699823,2.12917194138668
3.48574638308101,2.11956355536553
3.49675434912955,2.11055059999232
3.5081619738795,2.10142934452187
3.51961592918297,2.09100904732541
3.53120026456519,2.08134570239397
3.54258825408262,2.072014142042
3.55412104877648,2.06204367008373
3.56670482225467,2.05101160809006
3.5790138697459,2.04035615956418
3.5913633462909,2.02993335267606
3.60373171099268,2.01955050219669
3.6171171810539,2.00805916095823
3.63048294221171,1.99612616550762
3.64436493092859,1.98354748935708
3.6585930891135,1.97152306528462
3.67296762739242,1.95927575229462
3.68726970076236,1.94698733067673
3.70192222944954,1.93503473334542
3.71677108574095,1.92262147998763
3.73210770377521,1.91061319581462
3.74753339211836,1.89791773731099
3.76283426437455,1.88499649372228
3.77851401293466,1.87237776056985
3.79456729659667,1.85942149374606
3.81214002919486,1.84498747573011
3.82922729650638,1.83160980744198
3.84691680190838,1.81668315206017
3.8637388009866,1.80355306054915
3.88184069880841,1.78931741537982
3.90140457886832,1.77377845011053
3.91918047499702,1.7605836109991
3.93818980482899,1.74613611590494
3.95684231255859,1.73198620826889
3.97595107919908,1.71800843174261
3.99472228259933,1.7048880932782
4.01477859369631,1.69031093991941
4.03635501172221,1.67474624767674
4.05819499887501,1.65894648798739
4.08152423295381,1.64225891397906
4.10332587339892,1.62784347650322
4.12830758718687,1.61035102255639
4.15145509265596,1.59505744185884
4.17747054204355,1.57785642521436
4.20283439278872,1.56119480370933
4.23019086106518,1.54414854657497
4.26008168602696,1.52529742328742
4.28880067623234,1.50769947815648
4.3213326453252,1.48775745442464
4.3546846599155,1.46829586769847
4.39104896199933,1.44723411580162
4.43399189356278,1.42328261704573
4.47860232150443,1.398949218441
4.5227743991896,1.37535859315951
4.57291728485057,1.34979117102237
4.62321033148978,1.32458489248881
4.67916942621372,1.29780953334613
4.74430320077602,1.26843632162348
4.8172197747515,1.23710894138481
4.89091686117343,1.20744302157085
4.96460927180847,1.17964977223782
5.05423603081182,1.14711197116198
5.15438099663124,1.11275487654654
5.2753410822599,1.07491290270201
5.41150370580755,1.03581142348063
5.58921139523491,0.989037029971781
